element.elem = [];
    //
    //  Load parameters for all elements
    //
    //  Parameters:
    //    Atomic number
    //    Element symbol
    //    Block (s, p, d, or f)
    //    Metal or not:   1=metal   0=nonmetal
    //    Number of valence electrons
    //    Atomic mass
    //    Covalent radii (in pm).  From VESTA
    //    Jmol CPK colors (rgb 0.00000 - 1.00000).  From VESTA
    //    Electronegativities from Wikipedia, citing WebElements as their source
    //    Elements that can make bond with it. From iucr.org/resources/data/datasets/bond-valence-parameters/bvparm2016.cif
    //
    element.elem[0]  = addElement(0, 'X', 's', 0, 0, 0, 0, 0, 0, 0, 0,[]);
    element.elem[1]  = addElement(1, 'H', 's', 0, 1, 1.0079, 46, 1.00000,   0.80000,   0.80000, 2.2,  [8,9,17,7]);
    element.elem[2]  = addElement(2, 'He', 's', 0, 2, 4.0026, 122, 0.98907,   0.91312,   0.81091, 0,  []);
    element.elem[3]  = addElement(3, 'Li', 's', 1, 1, 6.941, 157, 0.52731,   0.87953,    0.45670, 0.98,  [8,16,34,52,9,17,35,53,7,]);
    element.elem[4]  = addElement(4, 'Be', 's', 1, 2, 9.0122, 112, 0.37147 ,   0.84590  ,  0.48292, 1.57,  [8,16,34,52,9,17,35,53,7,15,33,1]);
    element.elem[5]  = addElement(5, 'B', 'p', 0, 3, 10.811, 81, 0.12490 ,   0.63612  ,  0.05948, 2.04,   [8, 16, 34, 52, 9, 17, 35, 53, 7, 15, 33,1,6,5]);
    element.elem[6]  = addElement(6, 'C', 'p', 0, 4, 12.0107, 77, 0.50430 ,   0.28659 ,   0.16236, 2.55,  [8,17,6,16,9,35,7,34,53,52,15,33,1]);
    element.elem[7]  = addElement(7, 'N', 'p', 0, 5, 14.0067, 74, 0.69139 ,   0.72934  ,  0.90280, 3.04,  [8,16,9,17]);
    element.elem[8]  = addElement(8, 'O', 'p', 0, 6, 15.9994, 74, 0.99997 ,   0.01328  ,  0.00000, 3.44,  [8]);
    element.elem[9]  = addElement(9, 'F', 'p', 0, 7, 18.9984, 72, 0.69139 ,   0.72934  ,  0.90280, 3.98,  []);
    element.elem[10] = addElement(10, 'Ne', 'p', 0, 8, 20.1797, 160, 0.99954 ,   0.21788 ,   0.71035, 0,  []);
    element.elem[11] = addElement(11, 'Na', 's', 1, 1, 22.9897, 191,  0.97955 ,   0.86618 ,   0.23787, 0.93,  [8,16,34,52,9,17,35,53,7,15,33,1]);
    element.elem[12] = addElement(12, 'Mg', 's', 1, 2, 24.305, 160, 0.98773 ,   0.48452 ,   0.08470, 1.31,  [8,16,34,52,9,17,35,53,7,15,33,1]);
    element.elem[13] = addElement(13, 'Al', 'p', 1, 3, 26.9815, 143, 0.50718 ,   0.70056 ,   0.84062, 1.61, [8,16,34,52,9,17,35,7,15,33,1,53]);
    element.elem[14] = addElement(14, 'Si', 'p', 0, 4, 28.0855, 118, 0.10596 ,   0.23226 ,   0.98096, 1.9,  [8,16,34,52,9,17,35,53,6,7,15,33,1]);
    element.elem[15] = addElement(15, 'P', 'p', 0, 5, 30.9738, 110, 0.75557 ,   0.61256 ,   0.76425, 2.19,  [8,16,34,9,17,35,7,53,34,52,15,33,1,15]);
    element.elem[16] = addElement(16, 'S', 'p', 0, 6, 32.065, 104, 1.00000 ,   0.98071 ,   0.00000, 2.58,  [8,16,7,9,17,35,34,52,15,33,1]);
    element.elem[17] = addElement(17, 'Cl', 'p', 0, 7, 35.453, 99, 0.19583 ,   0.98828 ,   0.01167, 3.16,  [8,9,17]);
    element.elem[18] = addElement(18, 'Ar', 'p', 0, 8, 39.948, 192, 0.81349 ,   0.99731 ,   0.77075, 0,  []);
    element.elem[19] = addElement(19, 'K', 's', 1, 1, 39.0983, 235, 0.63255 ,   0.13281 ,   0.96858, 0.82,  [8,16,34,52,9,17,35,53,7,15,33,1]);
    element.elem[20] = addElement(20, 'Ca', 's', 1, 2, 40.078, 197, 0.35642 ,   0.58863 ,   0.74498, 1,  [8,16,34,52,9,17,35,53,7,15,33,1]);
    element.elem[21] = addElement(21, 'Sc', 'd', 1, 3, 44.9559, 164, 0.71209 ,   0.38930 ,   0.67279, 1.36,  [8,16,34,52,9,17,35,53,7,15,33,1]);
    element.elem[22] = addElement(22, 'Ti', 'd', 1, 4, 47.867, 147, 0.47237 ,   0.79393 ,   1.00000, 1.54,  [9,17,35,8,16,9,17,53,16,34,52,7,15,33,1]);
    element.elem[23] = addElement(23, 'V', 'd', 1, 5, 50.9415, 135, 0.90000 ,   0.10000 ,   0.00000, 1.63,  [8,17,16,9,35,7,53,34,52,15,33,1]);
    element.elem[24] = addElement(24, 'Cr', 'd', 1, 6, 51.9961, 129, 0.00000 ,   0.00000 ,   0.62000, 1.66,  [8,9,17,35,53,7,16,34,52,15,33,1]);
    element.elem[25] = addElement(25, 'Mn', 'd', 1, 7, 54.938, 137, 0.66148 ,   0.03412 ,   0.62036, 1.55,  [8,16,9,17,35,53,7,34,52,15,33,1]);
    element.elem[26] = addElement(26, 'Fe', 'd', 1, 8, 55.845, 126, 0.71051 ,   0.44662 ,   0.00136, 1.83,  [8,16,9,17,35,53,7,6,34,52,15,33,1]);
    element.elem[27] = addElement(27, 'Co', 'd', 1, 9, 58.9332, 125, 0.00000 ,   0.00000 ,   0.68666, 1.88, [1,8,16,9,17,7,6,35,53,34,52,15,33]);
    element.elem[28] = addElement(28, 'Ni', 'd', 1, 10, 58.6934, 125, 0.72032 ,   0.73631 ,   0.74339, 1.91,  [8,16,9,17,35,53,7,34,52,15,33,1]);
    element.elem[29] = addElement(29, 'Cu', 'd', 1, 11, 63.546, 128, 0.13390 ,   0.28022 ,   0.86606, 1.9,  [8,16,34,9,17,35,53,7,15,33,6,8,16,52,1]);
    element.elem[30] = addElement(30, 'Zn', 'd', 1, 2, 65.39, 137, 0.56123 ,   0.56445,    0.50799, 1.65,  [8,16,34,52,9,17,35,53,7,15,33,1]);
    element.elem[31] = addElement(31, 'Ga', 'p', 1, 3, 69.723, 153, 0.62292 ,   0.89293 ,   0.45486, 1.81,  [34,8,16,9,17,35,53,52,7,15,33,1]);
    element.elem[32] = addElement(32, 'Ge', 'p', 1, 4, 72.64, 122, 0.49557 ,   0.43499 ,   0.65193, 2.01,  [16,8,16,34,9,17,35,53,52,7,15,33,1]);
    element.elem[33] = addElement(33, 'As', 'p', 0, 5, 74.9216, 121,0.45814 ,   0.81694  ,  0.34249, 2.18,  [16,34,8,52,9,17,35,53,6]);
    element.elem[34] = addElement(34, 'Se', 'p', 0, 6, 78.96, 104, 0.60420  ,  0.93874  ,  0.06122, 2.55,  [16,34,8,9,17,35,7,35,53,34,52,15,33,1]);
    element.elem[35] = addElement(35, 'Br', 'p', 0, 7, 79.904, 114,0.49645 ,   0.19333 ,   0.01076, 2.96,  [8,9,17]);
    element.elem[36] = addElement(36, 'Kr', 'p', 0, 8, 83.8, 198, 0.98102 ,   0.75805 ,   0.95413, 3,  [9]);
    element.elem[37] = addElement(37, 'Rb', 's', 1, 1, 85.4678, 250, 1.00000,    0.00000 ,   0.60000, 0.82,  [8,16,34,52,9,17,35,53,7,15,33,1]);
    element.elem[38] = addElement(38, 'Sr', 's', 1, 2, 87.62, 215, 0.00000  ,  1.00000  ,  0.15259, 0.95,  [8,16,34,52,9,17,35,53,7,15,33,1]);
    element.elem[39] = addElement(39, 'Y', 'd', 1, 3, 88.9059, 182, 0.40259 ,   0.59739 ,   0.55813, 1.22,  [8,16,34,52,9,17,35,53,7,15,33,1]);
    element.elem[40] = addElement(40, 'Zr', 'd', 1, 4, 91.224, 160, 0.00000 ,   1.00000 ,   0.00000, 1.33,  [8,9,17,16,34,52,9,35,53,7,15,33,1]);
    element.elem[41] = addElement(41, 'Nb', 'd', 1, 5, 92.9064, 147, 0.29992 ,   0.70007 ,   0.46459, 1.6,  [8,9,17,35,8,7,53,16,34,52,7,15,33,1]);
    element.elem[42] = addElement(42, 'Mo', 'd', 1, 6, 95.94, 140, 0.70584 ,   0.52602 ,   0.68925, 2.16,  [16,17,8,9,35,7,8,53,34,52,15,33,1]);
    element.elem[43] = addElement(43, 'Tc', 'd', 1, 7, 98, 135, 0.80574 ,   0.68699 ,   0.79478, 1.9,  [8,9,17]);
    element.elem[44] = addElement(44, 'Ru', 'd', 1, 8, 101.07, 134, 0.81184 ,   0.72113,    0.68089, 2.2,  [34,9,8,16,17,7,35,53,34,52,7,15,33,1]);
    element.elem[45] = addElement(45, 'Rh', 'd', 1, 9, 102.9055, 134, 0.80748 ,   0.82205 ,   0.67068, 2.28,  [8,9,17,35,7,9,53,16,34,52,15,33,1]);
    element.elem[46] = addElement(46, 'Pd', 'd', 1, 10, 106.42, 137, 0.75978 ,   0.76818 ,   0.72454, 2.2,  [8,16,9,17,35,53,7,6,8,9,35,34,52,15,33,1]);
    element.elem[47] = addElement(47, 'Ag', 'd', 1, 11, 107.8682, 144, 0.72032 ,   0.73631 ,   0.74339, 1.93,   [8,16,9,17,35,53,34,52,7,15,1,33]);
    element.elem[48] = addElement(48, 'Cd', 'd', 1, 2, 112.411, 152, 0.95145 ,   0.12102 ,   0.86354, 1.69,  [8,16,34,52,9,17,35,53,7,15,33,1]);
    element.elem[49] = addElement(49, 'In', 'p', 1, 3, 114.818, 167, 0.84378  ,  0.50401 ,   0.73483, 1.78,  [17,8,16,9,35,53,27,25,34,52,7,15,33,1]);
    element.elem[50] = addElement(50, 'Sn', 'p', 1, 4, 118.71, 158, 0.60764 ,   0.56052  ,  0.72926, 1.96,  [8,16,34,52,9,17,35,53,7,15,33,1,6]);
    element.elem[51] = addElement(51, 'Sb', 'p', 1, 5, 121.76, 141, 0.84627  ,  0.51498 ,   0.31315, 2.05,  [8,16,34,9,17,35,53,7,34,52,15,33,1]);
    element.elem[52] = addElement(52, 'Te', 'p', 0, 6, 127.6, 137, 0.67958  ,  0.63586  ,  0.32038, 2.1,  [8,16,9,17,35,53,34,52,7,15,33,1]);
    element.elem[53] = addElement(53, 'I', 'p', 0, 7, 126.9045, 133, 0.55914 ,   0.12200 ,   0.54453, 2.66,  [53,9,17,8,]);
    element.elem[54] = addElement(54, 'Xe', 'p', 0, 8, 131.293, 218, 0.60662 ,   0.63218  ,  0.97305, 2.6,  [8,9]);
    element.elem[55] = addElement(55, 'Cs', 's', 1, 1, 132.9055, 272, 0.05872 ,   0.99922 ,   0.72578, 0.79,  [8,16,34,52,9,17,35,53,7,15,33,1]);
    element.elem[56] = addElement(56, 'Ba', 's', 1, 2, 137.327, 224, 0.11835 ,   0.93959  ,  0.17565, 0.89,  [8,16,34,52,9,17,35,53,7,15,33,1]);
    element.elem[57] = addElement(57, 'La', 'd', 1, 3, 138.9055, 188, 0.35340 ,   0.77057,    0.28737, 1.1,  [8,16,34,52,9,17,35,53,7,15,33,1]);
    element.elem[58] = addElement(58, 'Ce', 'f', 1, 4, 140.116, 182,0.82055 ,   0.99071  ,  0.02374, 1.12,  [8,16,9,17,35,53,7,34,52,15,33,1]);
    element.elem[59] = addElement(59, 'Pr', 'f', 1, 5, 140.9077, 182, 0.99130  ,  0.88559 ,   0.02315, 1.13,  [8,16,34,52,9,17,35,53,7,15,33,1]);
    element.elem[60] = addElement(60, 'Nd', 'f', 1, 6, 144.24, 182, 0.98701 ,   0.55560 ,   0.02744, 1.14,  [8,16,34,52,9,17,35,53,7,9,17]);
    element.elem[61] = addElement(61, 'Pm', 'f', 1, 7, 145, 181, 0.00000 ,   0.00000 ,   0.96000, 0,  [9,17,35]);
    element.elem[62] = addElement(62, 'Sm', 'f', 1, 8, 150.36, 181, 0.99042 ,   0.02403 ,   0.49195, 1.17,  [8,7,16,34,52,9,17,35,53,7,15,33,1]);
    element.elem[63] = addElement(63, 'Eu', 'f', 1, 9, 151.964, 206, 0.98367 ,   0.03078 ,   0.83615, 0,  [8,16,9,17,35,53,7,34,52,15,33,1]);
    element.elem[64] = addElement(64, 'Gd', 'f', 1, 10, 157.25, 179, 0.75325 ,   0.01445 ,   1.00000, 1.2,  [8,9,16,17,35,53,34,52,7,15,33,1]);
    element.elem[65] = addElement(65, 'Tb', 'f', 1, 11, 158.9253, 177, 0.44315 ,   0.01663,    0.99782, 0,  [8,16,34,52,9,17,35,53,7,15,33,1]);
    element.elem[66] = addElement(66, 'Dy', 'f', 1, 12, 162.5, 177, 0.19390 ,   0.02374 ,   0.99071, 1.22,  [8,9,17,35,53,16,34,52,7,15,33,1]);
    element.elem[67] = addElement(67, 'Ho', 'f', 1, 13, 164.9303, 176, 0.02837 ,   0.25876,    0.98608, 1.23,  [8,16,9,17,35,53,34,52,7,15,33,1]);
    element.elem[68] = addElement(68, 'Er', 'f', 1, 14, 167.259, 175, 0.28688  ,  0.45071 ,   0.23043, 1.24,  [8,16,34,9,17,35,53,52,7,15,33,1]);
    element.elem[69] = addElement(69, 'Tm', 'f', 1, 15, 168.9342, 100, 0.00000 ,   0.00000 ,   0.88000, 1.25,  [8,16,34,52,9,17,35,53,7,15,33,1]);
    element.elem[70] = addElement(70, 'Yb', 'f', 1, 16, 173.04, 194, 0.15323,    0.99165 ,   0.95836, 0,  [8,7,16,34,52,9,17,35,53,15,33,1]);
    element.elem[71] = addElement(71, 'Lu', 'f', 1, 17, 174.967, 172, 0.15097,    0.99391 ,   0.71032, 1.27,  [8,16,34,52,9,17,35,53,7,15,33,1]);
    element.elem[72] = addElement(72, 'Hf', 'd', 1, 4, 178.49, 159, 0.70704 ,   0.70552 ,   0.35090, 1.3,  [9,8,17,35,16,34,52,53,7,15,33,1]);
    element.elem[73] = addElement(73, 'Ta', 'd', 1, 5, 180.9479, 147, 0.71952 ,   0.60694 ,   0.33841, 1.5,  [8,16,9,17,35,53,16,34,52,7,15,33,1]);
    element.elem[74] = addElement(74, 'W', 'd', 1, 6, 183.84, 141, 0.55616 ,   0.54257 ,   0.50178, 2.36,  [8,9,17,35,53,16,34,52,7,15,33,1]);
    element.elem[75] = addElement(75, 'Re', 'd', 1, 7, 186.207, 137, 0.70294 ,   0.69401 ,   0.55789, 1.9,  [17,8,9,35,53,34,52,7,15,33,1]);
    element.elem[76] = addElement(76, 'Os', 'd', 1, 8, 190.23, 137, 0.78703 ,   0.69512 ,   0.47379, 2.2,  [8,16,9,17,35]);
    element.elem[77] = addElement(77, 'Ir', 'd', 1, 9, 192.217, 136, 0.78975 ,   0.81033 ,   0.45049, 2.2,  [8,9,17,16,34,52,35,53,7,15,33,1]);
    element.elem[78] = addElement(78, 'Pt', 'd', 1, 10, 195.078, 139, 0.79997,    0.77511 ,   0.75068, 2.28,  [8,16,9,17,35,6,7,53,34,52,15,33,1]);
    element.elem[79] = addElement(79, 'Au', 'd', 1, 11, 196.9665, 144, 0.99628 ,   0.70149 ,   0.22106, 2.54,  [17,53,8,16,9,35,7,34,52,15,33,1]);
    element.elem[80] = addElement(80, 'Hg', 'd', 1, 2, 200.59, 155, 0.82940 ,   0.72125 ,   0.79823, 2,  [8,9,17,16,35,53,34,52,7,15,33,1,80]);
    element.elem[81] = addElement(81, 'Tl', 'p', 1, 3, 204.3833, 171, 0.58798  ,  0.53854 ,   0.42649, 1.62,  [8,16,9,17,35,53,7,9,34,52,15,33,1]);
    element.elem[82] = addElement(82, 'Pb', 'p', 1, 4, 207.2, 175, 0.32386 ,   0.32592 ,   0.35729, 2.33,  [8,16,34,9,17,35,53,7,52,15,33,1]);
    element.elem[83] = addElement(83, 'Bi', 'p', 1, 5, 208.9804, 182, 0.82428 ,   0.18732 ,   0.97211, 2.02,  [8,16,34,9,17,35,53,7,9,34,52,33,1]);
    element.elem[84] = addElement(84, 'Po', 'p', 1, 6, 209, 177, 0.00000 ,   0.00000  ,  1.00000, 2,  [8,9]);
    element.elem[85] = addElement(85, 'At', 'p', 0, 7, 210, 62, 0.00000 ,   0.00000 ,   1.00000, 2.2,  []);
    element.elem[86] = addElement(86, 'Rn', 'p', 0, 8, 222, 80, 1.00000 ,   1.00000 ,   0.00000, 0,  []);
    element.elem[87] = addElement(87, 'Fr', 's', 1, 1, 223, 100, 0.00000 ,   0.00000 ,   0.00000, 0.7,  []);
    element.elem[88] = addElement(88, 'Ra', 's', 1, 2, 226, 0.42959  ,  0.66659 ,   0.34786, 0.9,  []);
    element.elem[89] = addElement(89, 'Ac', 'd', 1, 3, 227, 203, 0.39344 ,   0.62101 ,   0.45034, 1.1,   [8, 9, 17, 35]);
    element.elem[90] = addElement(90, 'Th', 'f', 1, 4, 232.0381, 180, 0.14893 ,   0.99596 ,   0.47106, 1.3,  [8,16,34,52,9,17,35,53,7,15,33,1]);
    element.elem[91] = addElement(91, 'Pa', 'f', 1, 5, 231.0359, 163, 0.16101 ,   0.98387 ,   0.20855, 1.5,  [8,9,17,35,9]);
    element.elem[92] = addElement(92, 'U', 'f', 1, 6, 238.0289, 156, 0.47774  ,  0.63362 ,   0.66714, 1.38,  [8,16,9,17,35,53,7,34,52,15,33,1]);
    element.elem[93] = addElement(93, 'Np', 'f', 1, 7, 237, 156, 0.30000  ,  0.30000 ,   0.30000, 1.36,  [9,17,35,53,8]);
    element.elem[94] = addElement(94, 'Pu', 'f', 1, 8, 244, 164, 0.30000  ,  0.30000 ,   0.30000, 1.28,  [8,9,17,35,53,]);
    element.elem[95] = addElement(95, 'Am', 'f', 1, 9, 243, 173, 0.30000  ,  0.30000 ,   0.30000, 1.3,  [8,9,17,35,]);
    element.elem[96] = addElement(96, 'Cm', 'f', 1, 10, 247, 169, 120, 92, 227, 1.3,  [8,9,17]);
    element.elem[97] = addElement(97, 'Bk', 'f', 1, 11, 247, 168, 138, 79, 227, 1.3,  [8,9,17,35]);
    element.elem[98] = addElement(98, 'Cf', 'f', 1, 12, 251, 168, 161, 54, 212, 1.3,  [8,9,17,35]);
    element.elem[99] = addElement(99, 'Es', 'f', 1, 13, 252, 165, 179, 31, 212, 1.3,  [8]);
    element.elem[100] = addElement(100, 'Fm', 'f', 1, 14, 257, 167, 179, 31, 186, 1.3,  []);
    element.elem[101] = addElement(101, 'Md', 'f', 1, 15, 258, 173, 179, 13, 166, 1.3,  []);
    element.elem[102] = addElement(102, 'No', 'f', 1, 16, 259, 176, 189, 13, 135, 1.3,  []);
    element.elem[103] = addElement(103, 'Lr', 'f', 1, 17, 262, 161, 199, 0, 102, 0,  []);
    element.elem[104] = addElement(104, 'Rf', 'd', 1, 4, 267, 157, 204, 0, 89, 0),  [];
    element.elem[105] = addElement(105, 'Db', 'd', 1, 5, 268, 149, 209, 0, 79, 0,  []);
    element.elem[106] = addElement(106, 'Sg', 'd', 1, 6, 269, 143, 217, 0, 69, 0,  []);
    element.elem[107] = addElement(107, 'Bh', 'd', 1, 7, 270, 141, 224, 0, 56, 0,  []);
    element.elem[108] = addElement(108, 'Hs', 'd', 1, 8, 269, 134, 230, 0, 46, 0,  []);
    element.elem[109] = addElement(109, 'Mt', 'd', 1, 9, 278, 129, 235, 0, 38, 0,  []);
    element.elem[110] = addElement(110, 'Ds', 'd', 1, 10, 281, 0, 0, 0, 28, 0,  []);
    element.elem[111] = addElement(111, 'Rg', 'd', 1, 11, 281, 0, 0, 0, 28, 0,  []);
    element.elem[112] = addElement(112, 'Cn', 'd', 1, 12, 285, 0, 0, 0, 28, 0,  []);
    element.elem[113] = addElement(113, 'Uut', 'p', 1, 3, 286, 0, 0, 0, 28, 0,  []);
    element.elem[114] = addElement(114, 'Fl', 'p', 1, 4, 289, 0, 0, 0, 28, 0,  []);
    element.elem[115] = addElement(115, 'Uup', 'p', 1, 5, 288, 0, 0, 0, 28, 0,  []);
    element.elem[116] = addElement(116, 'Lv', 'p', 1, 6, 293, 0, 0, 0, 28, 0,  []);
    element.elem[117] = addElement(117, 'Uus', 'p', 1, 7, 294, 0, 0, 0, 28, 0,  []);
    element.elem[118] = addElement(118, 'Uuo', 'p', 1, 8, 294, 0, 0, 0, 28, 0,  []);
    }